$ 1 0.000005 10.20027730826997 99 5 43 5e-11
t -96 496 -48 496 0 1 -4.269877839516084 0.7301221604839153 200 default
v 64 560 64 448 0 0 40 5 0 0 0.5
g 64 560 64 624 0 0
w -48 480 -48 400 0
w -48 400 64 400 0
w 64 400 64 448 0
w -48 512 -48 560 0
w -48 560 64 560 0
w -48 592 -48 560 0
x -260 250 -68 253 4 20 Practical\s2\sSimulation
v -256 576 -256 496 0 0 40 5 0 0 0.5
r -176 496 -96 496 0 4700
w -176 496 -256 496 0
w -256 576 -256 592 0
w -256 592 -48 592 0
178 384 448 640 448 0 1 0.028100000000000003 0 0.02 80000000 0.02 73 0.015 0.005 0
s 256 480 320 480 0 1 true
v 192 560 192 480 0 0 40 5 0 0 0.5
g 192 560 192 624 0 0
w 192 480 256 480 0
w 320 480 384 480 0
w 384 496 384 560 0
w 384 560 192 560 0
181 752 432 864 432 0 1092.0150176902487 100 120 0.4 0.4
v 608 320 752 320 0 1 50 250 0 0 0.5
w 752 320 864 320 0
w 864 320 864 432 0
w 608 320 384 320 0
w 384 320 384 448 0
w 752 432 640 464 0
