$ 1 0.000005 10.20027730826997 99 5 43 5e-11
t -96 496 -48 496 0 1 -4.230092268251845 0.7699077317481552 200 default
v 64 560 64 448 0 0 40 5 0 0 0.5
g 64 560 64 624 0 0
w -48 480 -48 400 0
w -48 400 64 400 0
w 64 400 64 448 0
w -48 512 -48 560 0
w -48 560 64 560 0
w -48 592 -48 560 0
x -260 250 -68 253 4 20 Practical\s2\sSimulation
v -256 576 -256 496 0 0 40 5 0 0 0.5
r -176 496 -96 496 0 1000
w -176 496 -256 496 0
w -256 576 -256 592 0
w -256 592 -48 592 0
178 384 448 640 448 0 1 0.028100000000000003 0 0.02 80000000 0.02 73 0.015 0.005 0
s 256 480 320 480 0 1 true
v 192 560 192 480 0 0 40 5 0 0 0.5
g 192 560 192 624 0 0
w 192 480 256 480 0
w 320 480 384 480 0
w 384 496 384 560 0
w 384 560 192 560 0
181 752 432 864 432 0 300.0000000023203 100 120 0.4 0.4
v 608 320 752 320 0 1 50 250 0 0 0.5
w 752 320 864 320 0
w 864 320 864 432 0
w 608 320 384 320 0
w 384 320 384 448 0
w 752 432 640 464 0
v 0 1088 0 976 0 0 40 5 0 0 0.5
s 0 976 80 976 0 1 true
w 0 1088 64 1088 0
r 160 976 80 976 0 1000
w 208 1040 208 1088 0
t 160 976 208 976 0 1 -4.762499385805471 0.23750054249203947 200 default
w 208 1040 320 1040 0
w 320 880 320 928 0
g 320 1040 320 1104 0 0
v 320 1040 320 928 0 0 40 5 0 0 0.5
w 208 864 208 960 0
w 208 992 208 1040 0
w 128 1088 208 1088 0
178 320 832 576 832 0 1 0.028100000000000003 -9.822248797434662e-10 0.02 80000000 0.02 73 0.015 0.005 0
w 320 832 320 688 0
w 320 688 560 688 0
w 704 688 896 688 0
w 896 688 896 816 0
r 688 816 784 816 0 1000
w 208 864 320 864 0
w 576 848 688 816 0
v 560 688 704 688 0 0 40 5 0 0 0.5
162 896 816 784 816 2 default-led 1 0 0 0.01
w 64 1088 128 1088 0
