$ 1 0.000005 10.20027730826997 56 5 43 5e-11
v 384 448 384 352 0 0 40 5 0 0 0.5
r 544 304 544 384 0 10000
162 544 432 544 480 2 default-led 0 1 0 0.01
w 384 352 384 288 0
w 384 288 544 288 0
w 544 288 544 304 0
w 544 384 544 432 0
w 544 480 544 512 0
w 544 512 384 512 0
w 384 512 384 448 0
p 640 304 640 384 1 0 0
w 544 304 640 304 0
w 640 384 544 384 0
p 640 432 640 480 1 0 0
w 544 432 640 432 0
w 640 480 544 480 0
w 256 480 160 480 0
w 160 432 256 432 0
p 256 432 256 480 1 0 0
w 256 384 160 384 0
w 160 304 256 304 0
p 256 304 256 384 1 0 0
w 0 512 0 448 0
w 160 512 0 512 0
w 160 480 160 512 0
w 160 384 160 432 0
w 160 288 160 304 0
w 0 288 160 288 0
w 0 352 0 288 0
162 160 432 160 480 2 default-led 0 1 0 0.01
r 160 304 160 384 0 981
v 0 448 0 352 0 0 40 5 0 0 0.5
v 16 112 16 16 0 0 40 5 0 0 0.5
r 176 32 176 112 0 981
w 16 16 16 -48 0
w 16 -48 176 -48 0
w 176 -48 176 -32 0
w 176 176 16 176 0
w 16 176 16 112 0
p 272 32 272 112 1 0 0
w 176 -32 176 32 0
w 176 112 176 176 0
w 272 32 176 32 0
w 272 112 176 112 0
x -49 389 -20 392 4 24 5V
x -31 49 -2 52 4 24 5V
x 345 385 374 388 4 24 5V
v 496 -224 496 -304 0 0 40 5.22 0 0 0.5
v 624 -224 624 -304 0 0 40 3.28 0 0 0.5
x 387 -282 485 -279 4 24 5.22V\s(1)
x 519 -281 617 -278 4 24 3.28V\s(2)
g 736 -224 736 -160 0 0
w 496 -224 624 -224 0
w 624 -224 736 -224 0
w 736 -304 736 -224 0
x 743 -278 832 -275 4 24 GND\s(3)
v 16 -176 16 -336 0 0 40 5 0 0 0.5
r 128 -256 128 -352 0 500
162 128 -224 128 -176 2 default-led 0 1 1 0.01
p 288 -288 288 -352 1 0 0
p 288 -224 288 -176 1 0 0
w 16 -336 16 -384 0
w 16 -384 128 -384 0
w 128 -384 128 -352 0
w 128 -224 128 -256 0
w 288 -224 128 -224 0
w 288 -176 128 -176 0
w 128 -352 288 -352 0
w 128 -256 288 -288 0
p 576 -384 672 -384 1 0 0
s 16 -176 128 -176 0 0 false
x 0 -66 188 -63 4 20 Step\s5\s(Without\sLED)
x -2 260 256 263 4 20 Step\s6\s(With\sLED\s981\sOhms)
x 375 256 632 259 4 20 Step\s6\s(With\sLED\s10k\sOhms)
x 3 -430 437 -427 4 20 Step\s2\s(Voltage\sMeasurement\susing\smultimeter)\s:
x 883 -365 1182 -362 4 15 1.\sType\s"W"\sto\scomplete\sthe\swire\sfor\svolmeter
x 884 -339 1099 -336 4 15 2.\sCheck\sthe\svoltage\sat\svolmeter
x 881 -388 937 -385 4 18 Steps\s:
